0 0
0.01 0.016792282121275
0.02 0.0234232047609994
0.03 0.0282946632487588
0.04 0.0322243892224
0.05 0.0355343879838543
0.06 0.0383923708045881
0.07 0.0408994270788468
0.08 0.043122327768556
0.09 0.045108044751225
0.1 0.0468911805670225
0.11 0.0484981385208117
0.12 0.0499496320678618
0.13 0.0512622795249806
0.14 0.0524496630815666
0.15 0.053523058039172
0.16 0.0544919504896
0.17 0.0553644144571323
0.18 0.0561473928602297
0.19 0.0568469109255539
0.2 0.0574682410769921
0.21 0.0580160322603853
0.22 0.0584944127335717
0.23 0.0589070727388468
0.24 0.0592573317003337
0.25 0.059548193359375
0.26 0.0597823913941347
0.27 0.0599624274483291
0.28 0.0600906030421756
0.29 0.0601690465055902
0.3 0.0601997358250861
0.31 0.0601845181081673
0.32 0.0601251262258274
0.33 0.0600231930834336
0.34 0.0598802638844804
0.35 0.0596978066843986
0.36 0.0594772214784
0.37 0.0592198480249441
0.38 0.0589269725724092
0.39 0.0585998336290747
0.4 0.0582396268941991
0.41 0.0578475094497192
0.42 0.0574246032970829
0.43 0.056971998311321
0.44 0.0564907546741456
0.45 0.0559819048392556
0.46 0.0554464550758046
0.47 0.0548853866299
0.48 0.054299656538853
0.49 0.053690198128525
0.5 0.0530579212203814
0.51 0.0524037120716747
0.52 0.0517284330694312
0.53 0.0510329221965509
0.54 0.0503179922862869
0.55 0.0495844300795929
0.56 0.0488329950982849
0.57 0.0480644183456145
0.58 0.0472794008446705
0.59 0.0464786120239916
0.6 0.0456626879588584
0.61 0.0448322294759329
0.62 0.0439878001281978
0.63 0.0431299240465197
0.64 0.0422590836736
0.65 0.0413757173855758
0.66 0.0404802170060884
0.67 0.0395729252172391
0.68 0.0386541328714917
0.69 0.0377240762082619
0.7 0.0367829339786445
0.71 0.0358308244814664
0.72 0.0348678025136204
0.73 0.0338938562374184
0.74 0.0329089039675124
0.75 0.0319127908797523
0.76 0.0309052856441919
0.77 0.0298860769843086
0.78 0.0288547701643664
0.79 0.0278108834067347
0.8 0.026753844240858
0.81 0.025682985785475
0.82 0.024597542965587
0.83 0.0234966486655919
0.84 0.0223793298199194
0.85 0.0212445034424277
0.86 0.0200909725957588
0.87 0.0189174223017805
0.88 0.0177224153941897
0.89 0.0165043883142961
0.9 0.0152616468509542
0.91 0.0139923618255655
0.92 0.0126945647230314
0.93 0.0113661432694927
0.94 0.0100048369576576
0.95 0.00860823252048292
0.96 0.00717375935394039
0.97 0.00569868488956982
0.98 0.00418010991749071
0.99 0.00261496386051782
1 0.001
1 -0.001
0.99 -0.00281517943578759
0.98 -0.004538568010927
0.97 -0.00617852749476239
0.96 -0.0077428826016973
0.95 -0.0092389389017968
0.94 -0.0106735005401673
0.93 -0.0120528877630587
0.92 -0.0133829542485666
0.91 -0.0146691042397441
0.9 -0.0159163094778564
0.89 -0.0171291259334375
0.88 -0.0183117103327228
0.87 -0.0194678364769484
0.86 -0.0206009113519128
0.85 -0.0217139910251033
0.84 -0.0228097963275848
0.83 -0.0238907283177398
0.82 -0.0249588835238344
0.81 -0.02601606896226
0.8 -0.027063816928171
0.79 -0.0281033995550989
0.78 -0.0291358431399748
0.77 -0.0301619422298317
0.76 -0.0311822734662907
0.75 -0.0321972091837491
0.74 -0.0332069307569971
0.73 -0.0342114416937769
0.72 -0.0352105804675714
0.71 -0.0362040330856709
0.7 -0.037191345387297
0.69 -0.038171935066284
0.68 -0.0391451034125088
0.67 -0.040110046765927
0.66 -0.0410658676767111
0.65 -0.0420115857645924
0.64 -0.04294614827008
0.63 -0.0438684402897598
0.62 -0.0447772946873635
0.61 -0.0456715016717356
0.6 -0.0465498180322073
0.59 -0.0474109760212054
0.58 -0.0482536918731738
0.57 -0.0490766739480529
0.56 -0.0498786304866424
0.55 -0.05065827696415
0.54 -0.051414343027086
0.53 -0.0521455789973929
0.52 -0.0528507619262741
0.51 -0.0535287011785815
0.5 -0.0541782435268238
0.49 -0.05479827773182
0.48 -0.0553877385847171
0.47 -0.0559456103824735
0.46 -0.0564709298059236
0.45 -0.0569627881661245
0.44 -0.0574203329807678
0.43 -0.0578427688379258
0.42 -0.0582293574991823
0.41 -0.0585794171881428
0.4 -0.0588923210032579
0.39 -0.0591674943856312
0.38 -0.0594044115627727
0.37 -0.0596025908777826
0.36 -0.05976158889984
0.35 -0.0598809931956287
0.34 -0.0599604136218591
0.33 -0.0599994719755618
0.32 -0.0599977898103444
0.31 -0.059954974192037
0.3 -0.0598706011244429
0.29 -0.0597441963230844
0.28 -0.0595752129490035
0.27 -0.0593630058320185
0.26 -0.0591068016081814
0.25 -0.0588056640625
0.24 -0.0584584537956414
0.23 -0.0580637811088645
0.22 -0.0576199507059253
0.21 -0.0571248964171018
0.2 -0.0565761036196011
0.19 -0.055970516302688
0.18 -0.0553044247183605
0.17 -0.0545733281370659
0.16 -0.05377176518656
0.15 -0.0528931012613397
0.14 -0.0519292580110642
0.13 -0.0508703630407439
0.12 -0.0497042871031165
0.11 -0.0484160183839403
0.1 -0.0469867936132165
0.09 -0.04539285310278
0.08 -0.043603589337663
0.07 -0.0415786671714698
0.06 -0.0392632887595317
0.05 -0.0365798388217304
0.04 -0.03341170173952
0.03 -0.0295675472822702
0.02 -0.0246851229507567
0.01 -0.01785925220914
0 -0
