#    s        x        y     Ue/Vinf    Dstar     Theta      Cf       H
   0.00000  1.00000  0.00147  0.91422  0.011584  0.006493  0.001776     1.784
   0.00679  0.99339  0.00299  0.92210  0.011018  0.006279  0.001913     1.755
   0.01827  0.98219  0.00552  0.93652  0.010087  0.005913  0.002174     1.706
   0.03135  0.96942  0.00837  0.95216  0.009213  0.005547  0.002461     1.661
   0.04588  0.95522  0.01148  0.96875  0.008408  0.005189  0.002770     1.620
   0.06161  0.93985  0.01477  0.98549  0.007698  0.004855  0.003087     1.586
   0.07818  0.92363  0.01818  1.00196  0.007081  0.004549  0.003404     1.557
   0.09531  0.90685  0.02162  1.01757  0.006557  0.004278  0.003709     1.533
   0.11278  0.88972  0.02505  1.03246  0.006102  0.004033  0.004003     1.513
   0.13045  0.87238  0.02844  1.04634  0.005713  0.003815  0.004280     1.497
   0.14824  0.85490  0.03178  1.05942  0.005372  0.003619  0.004542     1.485
   0.16609  0.83736  0.03504  1.07172  0.005073  0.003441  0.004789     1.474
   0.18397  0.81976  0.03823  1.08331  0.004807  0.003277  0.005019     1.467
   0.20188  0.80212  0.04134  1.09426  0.004569  0.003127  0.005231     1.461
   0.21979  0.78447  0.04438  1.10467  0.004356  0.002988  0.005424     1.458
   0.23771  0.76679  0.04733  1.11452  0.004166  0.002858  0.005592     1.458
   0.25563  0.74911  0.05021  1.12387  0.003996  0.002736  0.005728     1.460
   0.27355  0.73141  0.05300  1.13285  0.003846  0.002622  0.005828     1.467
   0.29145  0.71371  0.05571  1.14127  0.003720  0.002515  0.005869     1.479
   0.30935  0.69601  0.05833  1.14920  0.003619  0.002416  0.005834     1.498
   0.32723  0.67830  0.06087  1.15663  0.003550  0.002324  0.005691     1.528
   0.34510  0.66060  0.06332  1.16352  0.003524  0.002239  0.005395     1.574
   0.36295  0.64291  0.06568  1.17008  0.003559  0.002160  0.004889     1.648
   0.38079  0.62522  0.06794  1.17687  0.003686  0.002086  0.004107     1.767
   0.39859  0.60755  0.07012  1.18591  0.003947  0.002003  0.003021     1.971
   0.41638  0.58988  0.07220  1.20143  0.004390  0.001882  0.001990     2.332
   0.43414  0.57224  0.07418  1.23004  0.005014  0.001679  0.000805     2.986
   0.45186  0.55461  0.07605  1.27376  0.005694  0.001382 -0.000151     4.121
   0.46955  0.53701  0.07783  1.30473  0.006164  0.001179 -0.000386     5.227
   0.48721  0.51943  0.07949  1.30853  0.006322  0.001156 -0.000396     5.468
   0.50482  0.50189  0.08105  1.31216  0.006286  0.001134 -0.000405     5.540
   0.52238  0.48438  0.08249  1.31578  0.006118  0.001113 -0.000414     5.495
   0.53989  0.46692  0.08381  1.31953  0.005860  0.001092 -0.000423     5.366
   0.55734  0.44952  0.08500  1.32353  0.005535  0.001070 -0.000430     5.171
   0.57471  0.43218  0.08607  1.32791  0.005167  0.001048 -0.000429     4.931
   0.59199  0.41493  0.08700  1.33280  0.004771  0.001024 -0.000406     4.659
   0.60913  0.39781  0.08780  1.33832  0.004357  0.000999 -0.000335     4.363
   0.62610  0.38085  0.08842  1.34448  0.003963  0.000972 -0.000199     4.078
   0.64295  0.36400  0.08886  1.35133  0.003612  0.000943  0.000002     3.829
   0.65969  0.34727  0.08912  1.35893  0.003300  0.000913  0.000265     3.614
   0.67633  0.33063  0.08918  1.36720  0.003029  0.000881  0.000571     3.438
   0.69287  0.31409  0.08904  1.37592  0.002795  0.000848  0.000904     3.295
   0.70931  0.29765  0.08871  1.38490  0.002593  0.000815  0.001251     3.180
   0.72565  0.28132  0.08817  1.39393  0.002416  0.000783  0.001602     3.087
   0.74186  0.26512  0.08741  1.40290  0.002259  0.000750  0.001960     3.010
   0.75795  0.24906  0.08644  1.41169  0.002120  0.000719  0.002312     2.949
   0.77390  0.23316  0.08524  1.42029  0.001994  0.000688  0.002670     2.898
   0.78968  0.21745  0.08382  1.42869  0.001877  0.000658  0.003038     2.853
   0.80527  0.20194  0.08216  1.43679  0.001769  0.000628  0.003406     2.817
   0.82063  0.18670  0.08028  1.44465  0.001667  0.000598  0.003789     2.786
   0.83573  0.17175  0.07816  1.45226  0.001571  0.000570  0.004188     2.759
   0.85050  0.15717  0.07581  1.45960  0.001479  0.000541  0.004608     2.735
   0.86487  0.14302  0.07325  1.46664  0.001392  0.000513  0.005047     2.715
   0.87876  0.12941  0.07049  1.47338  0.001308  0.000485  0.005517     2.697
   0.89206  0.11643  0.06756  1.47983  0.001227  0.000458  0.006027     2.680
   0.90468  0.10420  0.06450  1.48586  0.001150  0.000431  0.006564     2.667
   0.91650  0.09280  0.06136  1.49154  0.001076  0.000406  0.007154     2.653
   0.92746  0.08231  0.05819  1.49676  0.001006  0.000381  0.007793     2.641
   0.93752  0.07276  0.05503  1.50149  0.000939  0.000357  0.008495     2.629
   0.94667  0.06415  0.05192  1.50565  0.000876  0.000335  0.009262     2.616
   0.95496  0.05643  0.04889  1.50912  0.000818  0.000314  0.010078     2.605
   0.96245  0.04954  0.04596  1.51201  0.000762  0.000294  0.011009     2.592
   0.96922  0.04340  0.04312  1.51401  0.000709  0.000275  0.012011     2.579
   0.97534  0.03792  0.04040  1.51508  0.000661  0.000258  0.013095     2.566
   0.98089  0.03303  0.03776  1.51521  0.000614  0.000241  0.014350     2.549
   0.98595  0.02865  0.03522  1.51394  0.000571  0.000225  0.015701     2.533
   0.99059  0.02473  0.03275  1.51113  0.000530  0.000210  0.017180     2.517
   0.99484  0.02121  0.03035  1.50653  0.000491  0.000196  0.018809     2.501
   0.99878  0.01805  0.02801  1.49979  0.000454  0.000183  0.020669     2.481
   1.00243  0.01521  0.02572  1.49016  0.000419  0.000170  0.022731     2.461
   1.00584  0.01265  0.02347  1.47687  0.000387  0.000159  0.024857     2.442
   1.00902  0.01037  0.02125  1.45957  0.000356  0.000147  0.027361     2.419
   1.01202  0.00834  0.01905  1.43650  0.000328  0.000137  0.029790     2.399
   1.01485  0.00654  0.01687  1.40714  0.000302  0.000127  0.032550     2.375
   1.01753  0.00497  0.01470  1.36930  0.000278  0.000118  0.035003     2.355
   1.02007  0.00362  0.01254  1.32231  0.000256  0.000110  0.037482     2.333
   1.02250  0.00248  0.01039  1.26393  0.000237  0.000103  0.039445     2.312
   1.02483  0.00157  0.00825  1.19307  0.000221  0.000096  0.040779     2.291
   1.02706  0.00087  0.00613  1.10892  0.000208  0.000091  0.040967     2.274
   1.02921  0.00038  0.00404  1.01257  0.000198  0.000087  0.039839     2.260
   1.03129  0.00009  0.00198  0.90522  0.000190  0.000085  0.037663     2.244
   1.03329  0.00000 -0.00002  0.79097  0.000186  0.000083  0.033532     2.245
   1.03529  0.00010 -0.00202  0.66982  0.000181  0.000081  0.029546     2.230
   1.03735  0.00040 -0.00406  0.53748  0.000181  0.000081  0.023746     2.230
   1.03948  0.00092 -0.00612  0.40065  0.000181  0.000081  0.017721     2.228
   1.04167  0.00167 -0.00818  0.26001  0.000185  0.000084  0.011344     2.217
   1.04394  0.00266 -0.01022  0.12509  0.000196  0.000088  0.005101     2.230
   1.04630  0.00390 -0.01224 -0.00425  0.000196  0.000088  0.000173     2.230
   1.04876  0.00537 -0.01421 -0.12148  0.000218  0.000098  0.004448     2.231
   1.05134  0.00707 -0.01614 -0.22808  0.000229  0.000102  0.007915     2.239
   1.05405  0.00901 -0.01803 -0.32217  0.000249  0.000110  0.010105     2.258
   1.05690  0.01120 -0.01987 -0.40483  0.000267  0.000118  0.011824     2.257
   1.05993  0.01362 -0.02167 -0.47742  0.000290  0.000127  0.012654     2.274
   1.06314  0.01631 -0.02344 -0.54128  0.000312  0.000137  0.013258     2.279
   1.06658  0.01928 -0.02518 -0.59739  0.000338  0.000148  0.013327     2.293
   1.07028  0.02255 -0.02690 -0.64646  0.000366  0.000159  0.013197     2.303
   1.07426  0.02615 -0.02861 -0.69034  0.000395  0.000171  0.012983     2.311
   1.07859  0.03013 -0.03030 -0.72912  0.000427  0.000184  0.012512     2.324
   1.08330  0.03453 -0.03199 -0.76367  0.000461  0.000197  0.012028     2.334
   1.08848  0.03942 -0.03367 -0.79469  0.000497  0.000212  0.011483     2.344
   1.09418  0.04487 -0.03535 -0.82235  0.000538  0.000228  0.010865     2.357
   1.10049  0.05096 -0.03704 -0.84735  0.000580  0.000245  0.010282     2.366
   1.10752  0.05778 -0.03872 -0.86969  0.000627  0.000264  0.009642     2.378
   1.11536  0.06544 -0.04039 -0.88970  0.000678  0.000284  0.009027     2.389
   1.12412  0.07404 -0.04203 -0.90752  0.000733  0.000305  0.008417     2.401
   1.13387  0.08366 -0.04363 -0.92313  0.000793  0.000329  0.007810     2.414
   1.14468  0.09436 -0.04517 -0.93679  0.000857  0.000354  0.007251     2.425
   1.15655  0.10615 -0.04660 -0.94831  0.000927  0.000380  0.006689     2.439
   1.16944  0.11897 -0.04790 -0.95800  0.001000  0.000408  0.006192     2.451
   1.18326  0.13274 -0.04905 -0.96588  0.001077  0.000437  0.005719     2.464
   1.19787  0.14733 -0.05002 -0.97213  0.001156  0.000467  0.005289     2.477
   1.21316  0.16259 -0.05081 -0.97694  0.001238  0.000497  0.004899     2.489
   1.22900  0.17842 -0.05141 -0.98053  0.001320  0.000528  0.004547     2.502
   1.24528  0.19469 -0.05184 -0.98315  0.001403  0.000558  0.004236     2.514
   1.26192  0.21133 -0.05210 -0.98487  0.001488  0.000589  0.003949     2.526
   1.27886  0.22827 -0.05220 -0.98597  0.001571  0.000619  0.003700     2.537
   1.29604  0.24545 -0.05216 -0.98645  0.001655  0.000649  0.003468     2.549
   1.31343  0.26284 -0.05199 -0.98659  0.001737  0.000679  0.003270     2.558
   1.33099  0.28040 -0.05171 -0.98634  0.001820  0.000708  0.003086     2.568
   1.34871  0.29812 -0.05132 -0.98590  0.001900  0.000737  0.002928     2.576
   1.36657  0.31597 -0.05084 -0.98531  0.001978  0.000766  0.002789     2.583
   1.38454  0.33393 -0.05027 -0.98463  0.002054  0.000793  0.002667     2.589
   1.40261  0.35199 -0.04964 -0.98398  0.002126  0.000820  0.002566     2.592
   1.42076  0.37012 -0.04895 -0.98343  0.002193  0.000846  0.002485     2.592
   1.43894  0.38829 -0.04820 -0.98310  0.002253  0.000870  0.002429     2.588
   1.45711  0.40644 -0.04742 -0.98326  0.002300  0.000893  0.002412     2.576
   1.47525  0.42456 -0.04656 -0.98313  0.002358  0.000915  0.002354     2.576
   1.49340  0.44268 -0.04564 -0.98259  0.002428  0.000940  0.002264     2.584
   1.51157  0.46083 -0.04465 -0.98170  0.002505  0.000964  0.002159     2.597
   1.52979  0.47902 -0.04360 -0.98061  0.002583  0.000989  0.002059     2.611
   1.54804  0.49724 -0.04249 -0.97928  0.002665  0.001015  0.001957     2.627
   1.56634  0.51550 -0.04133 -0.97782  0.002747  0.001040  0.001862     2.642
   1.58468  0.53380 -0.04013 -0.97621  0.002831  0.001065  0.001772     2.657
   1.60306  0.55214 -0.03888 -0.97452  0.002915  0.001091  0.001688     2.672
   1.62148  0.57051 -0.03759 -0.97271  0.003000  0.001116  0.001608     2.687
   1.63993  0.58891 -0.03627 -0.97085  0.003085  0.001142  0.001533     2.701
   1.65840  0.60734 -0.03492 -0.96892  0.003171  0.001167  0.001462     2.716
   1.67691  0.62579 -0.03354 -0.96692  0.003259  0.001193  0.001392     2.731
   1.69544  0.64427 -0.03213 -0.96487  0.003347  0.001219  0.001327     2.746
   1.71398  0.66276 -0.03069 -0.96274  0.003439  0.001245  0.001261     2.763
   1.73255  0.68127 -0.02924 -0.96057  0.003532  0.001270  0.001198     2.780
   1.75113  0.69979 -0.02776 -0.95827  0.003633  0.001297  0.001130     2.801
   1.76972  0.71832 -0.02627 -0.95590  0.003738  0.001324  0.001063     2.824
   1.78832  0.73686 -0.02476 -0.95345  0.003848  0.001351  0.000996     2.849
   1.80693  0.75540 -0.02323 -0.95087  0.003968  0.001379  0.000923     2.878
   1.82554  0.77395 -0.02169 -0.94815  0.004102  0.001407  0.000845     2.915
   1.84414  0.79249 -0.02013 -0.94528  0.004251  0.001437  0.000762     2.958
   1.86273  0.81101 -0.01856 -0.94224  0.004422  0.001468  0.000670     3.013
   1.88131  0.82952 -0.01697 -0.93907  0.004618  0.001499  0.000571     3.080
   1.89984  0.84799 -0.01537 -0.93578  0.004850  0.001532  0.000464     3.166
   1.91831  0.86638 -0.01376 -0.93243  0.005123  0.001565  0.000351     3.273
   1.93666  0.88466 -0.01215 -0.92913  0.005448  0.001598  0.000235     3.408
   1.95479  0.90272 -0.01053 -0.92601  0.005832  0.001630  0.000122     3.578
   1.97255  0.92041 -0.00894 -0.92321  0.006279  0.001659  0.000019     3.785
   1.98970  0.93749 -0.00737 -0.92082  0.006783  0.001685 -0.000065     4.027
   2.00591  0.95363 -0.00588 -0.91880  0.007332  0.001706 -0.000124     4.297
   2.02081  0.96846 -0.00449 -0.91711  0.007898  0.001726 -0.000159     4.577
   2.03411  0.98170 -0.00323 -0.91580  0.008450  0.001741 -0.000175     4.854
   2.04569  0.99323 -0.00212 -0.91480  0.008971  0.001753 -0.000181     5.118
   2.05249  1.00000 -0.00147 -0.91422  0.009178  0.001760 -0.000169     5.214
   2.05249  1.00010 -0.00001  0.91422  0.023657  0.008253  0.000000     2.866
   2.05929  1.00688 -0.00043  0.90718  0.022758  0.008563  0.000000     2.658
   2.06722  1.01480 -0.00084  0.90666  0.021499  0.008586  0.000000     2.504
   2.07647  1.02404 -0.00127  0.90701  0.020137  0.008571  0.000000     2.349
   2.08726  1.03482 -0.00172  0.90842  0.018706  0.008514  0.000000     2.197
   2.09986  1.04741 -0.00218  0.91107  0.017247  0.008413  0.000000     2.050
   2.11456  1.06210 -0.00266  0.91506  0.015808  0.008268  0.000000     1.912
   2.13171  1.07925 -0.00315  0.92031  0.014435  0.008088  0.000000     1.785
   2.15172  1.09926 -0.00364  0.92657  0.013169  0.007886  0.000000     1.670
   2.17508  1.12261 -0.00411  0.93347  0.012037  0.007677  0.000000     1.568
   2.20233  1.14986 -0.00455  0.94060  0.011049  0.007474  0.000000     1.478
   2.23413  1.18165 -0.00493  0.94761  0.010201  0.007285  0.000000     1.400
   2.27124  1.21876 -0.00521  0.95425  0.009483  0.007116  0.000000     1.333
   2.31454  1.26206 -0.00536  0.96040  0.008878  0.006967  0.000000     1.274
   2.36506  1.31259 -0.00531  0.96598  0.008372  0.006837  0.000000     1.225
   2.42402  1.37155 -0.00500  0.97099  0.007949  0.006724  0.000000     1.182
   2.49282  1.44034 -0.00435  0.97544  0.007600  0.006628  0.000000     1.147
   2.57310  1.52061 -0.00324  0.97936  0.007313  0.006545  0.000000     1.117
   2.66678  1.61428 -0.00157  0.98279  0.007081  0.006474  0.000000     1.094
   2.77609  1.72356  0.00084  0.98575  0.006893  0.006414  0.000000     1.075
   2.90365  1.85108  0.00415  0.98828  0.006744  0.006364  0.000000     1.060
   3.05249  1.99985  0.00858  0.99074  0.006619  0.006316  0.000000     1.048
